100285591
100326691
100355111
100387842
100406222
100419272
100446712
100479321
100497632
100498122
100498412
100512771
100526501
100547662
100568302
100604592
100624324
100637902
100696412
100784131
100821731
100930531
100930551
101286623
101296712
101341571
101434362
101562231
101666931
101688061
101705981
101947511
101951741
101967141
102023521
102027092
102183961
102438682
102493301
102627781
58700223
73251937
736427826
74286754
78491026
79682086
81057034
81060453
81703303
84838773
85322824
86468653
87079783
87124392
87156553
87796365
87938453
87960215
87960354
88036702
88295943
88529672
88590462
89027432
89198723
90032071
90041313
90045271
90058601
90108611
90108991
90224201
90224221
90243351
90245161
90274131
90575921
90583312
90627191
90631298
90693641
90693731
90693901
90848041
90983191
91047791
91080653
91094602
91094653
91127321
91127331
91139661
91139671
91159012
91161742
91222051
91250571
91501661
91534932
91698201
91771491
91936148
91942281
92069771
92256191
92336283
92453852
92694391
92850362
93001541
93120711
93147512
93165954
93512252
93613092
93621221
93753692
93875011
93928602
93948222
93980041
94084231
94099407
94189892
94198375
94428771
94548401
94618091
94721651
94859874
94957702
95022251
95310961
95714722
95860702
95863602
95930914
95931851
96082232
96083142
96262933
96265191
96267473
96413661
96447411
96491382
96596494
96596892
96651413
96659833
96707603
96853142
96907412
97204596
97228301
97529862
97864183
97926351
97932444
97949141
97958641
98000661
98019431
98043603
98059501
98073191
98073251
98081211
98139001
98166041
98171541
98172231
98194374
98227701
98288521
98289931
98289971
98290291
98341351
98357641
98432881
98447802
98517291
98542691
98584571
98589201
98589661
98590691
98618872
98625701
98631021
98687111
98778031
98809033
98819856
99147531
99261732
99334552
99404141
99404151
99404181
99508542
99552122
99642611
99670591
99707511
99758661
99782011
99782241
99892811
99919711
